              precision    recall  f1-score   support

           A       1.00      1.00      1.00        36
           B       1.00      1.00      1.00        39
           C       1.00      1.00      1.00        37
           D       0.96      1.00      0.98        22
           E       1.00      1.00      1.00        37
           F       1.00      1.00      1.00        34
           G       1.00      1.00      1.00        36
           H       1.00      1.00      1.00        17
           I       1.00      1.00      1.00        27
           K       1.00      1.00      1.00        37
           L       1.00      0.96      0.98        27
           M       1.00      1.00      1.00        35
           N       1.00      1.00      1.00        36
           O       1.00      1.00      1.00        34
           P       1.00      1.00      1.00        35
           Q       1.00      1.00      1.00        33
           R       1.00      1.00      1.00        32
           S       1.00      1.00      1.00        34
           T       1.00      1.00      1.00        33
           U       1.00      1.00      1.00        20
           V       0.95      1.00      0.97        18
           W       1.00      0.95      0.97        19
           X       1.00      1.00      1.00        30
           Y       1.00      1.00      1.00        38

    accuracy                           1.00       746
   macro avg       1.00      1.00      1.00       746
weighted avg       1.00      1.00      1.00       746
